------------------------------------------------------------------------------
                           GCC Code Coverage Report
Directory: .
------------------------------------------------------------------------------
File                                    Branches    Taken  Cover   Missing
------------------------------------------------------------------------------
zco/src/wait_group.cc                         46       19    41%   17,24,39,45,53,55
zco/src/context.cc                             4        2    50%   15
zco/src/fiber.cc                             127       70    55%   25,26,31,32,63,64,68,78,179,183,188,214,230,238,253,259,263
zco/src/io_event.cc                           39       24    61%   22,27,43,55,59
zco/src/mutex.cc                              74       46    62%   35,36,45,65,75,76,84,93,114,115,121
zco/src/processor.cc                         413      267    64%   60,67,78,92,112,121,161,191,198,203,219,220,232,235,238,239,253,258,311,313,328,348,380,396,403,404,412,424,433,453,506,524,556,585,596,604,605,609,610,627,639,644,645,653
zco/src/pool.cc                               83       54    65%   48,54,57,77,84,121,136
zco/src/timer.cc                              43       30    69%   26,27,50,56
zco/src/event.cc                             130       91    70%   59,85,90,112,125,133,148,159,176,185,191,196,208,221
zco/src/runtime_manager.cc                   247      174    70%   38,54,60,69,75,85,117,127,135,153,160,167,194,199,207,213,221,281,289,323,333,337,368,369,414,417
zco/src/epoller.cc                           258      192    74%   37,38,40,48,49,51,55,76,93,95,139,146,159,174,190,197,198,199,221,224,230,252,253,273,296,308,326
zco/src/snapshot_buffer_pool.cc               52       41    78%   21,30,33,43,46,68,71,85,90,100,108
zco/src/sched.cc                              49       41    83%   82,93,121,132
zco/src/hook.cc                              361      308    85%   39,56,60,70,102,109,129,146,151,158,197,233,239,243,248,295,319,325,370,488,552,592,638,663,689,694,695,699,700,710,722,726,727,739,749,753,758,759,767,780,782,811,838,859
zco/src/fiber_handle_registry.cc              32       29    90%   27,43,68
zco/src/steal_queue.cc                        39       36    92%   43,59,84
zco/src/shared_stack_buffer.cc                18       17    94%   34
zco/src/fiber_pool.cc                         11       11   100%
------------------------------------------------------------------------------
TOTAL                                       2026     1452    71%
------------------------------------------------------------------------------
